-50.000000 892
50.000000 893
-50.000000 894
-50.000000 895
50.000000 896
-50.000000 897
50.000000 898
-50.000000 899
50.000000 900
-50.000000 901
-5.339117 902
-50.000000 903
50.000000 904
-50.000000 905
50.000000 906
50.000000 907
-50.000000 908
-50.000000 909
50.000000 910
50.000000 911
-50.000000 912
-50.000000 913
25.140303 914
-50.000000 915
50.000000 916
-50.000000 917
50.000000 918
-50.000000 919
-50.000000 920
-22.196672 921
-50.000000 922
-50.000000 923
50.000000 924
-27.846655 925
-50.000000 926
-50.000000 927
0.378859 928
50.000000 929
-50.000000 930
-5.339117 931
-50.000000 932
3.105529 933
-50.000000 934
50.000000 935
50.000000 936
-50.000000 937
-50.000000 938
-1.907958 939
50.000000 940
50.000000 941
-50.000000 942
-50.000000 943
50.000000 944
50.000000 945
2.495842 946
-50.000000 947
-50.000000 948
-50.000000 949
-15.150557 950
50.000000 951
-50.000000 952
-50.000000 953
-50.000000 954
50.000000 955
-50.000000 956
27.134411 957
50.000000 958
-50.000000 959
-50.000000 960
50.000000 961
50.000000 962
-50.000000 963
50.000000 964
-50.000000 965
50.000000 966
-50.000000 967
-5.339117 968
50.000000 969
-50.000000 970
50.000000 971
-50.000000 972
-50.000000 973
-50.000000 974
-5.339117 975
0.643687 976
-6.378164 977
50.000000 978
50.000000 979
0.657019 980
-50.000000 981
50.000000 982
-5.339117 983
50.000000 984
-5.339117 985
-50.000000 986
-50.000000 987
50.000000 988
-50.000000 989
50.000000 990
-50.000000 991
50.000000 992
-50.000000 993
-1.877155 994
-50.000000 995
50.000000 996
-50.000000 997
-50.000000 998
-1.891111 999
-5.339117 1000
-50.000000 1001
-50.000000 1002
0.499169 1003
50.000000 1004
50.000000 1005
50.000000 1006
-50.000000 1007
0.842252 1008
46.828480 1009
-50.000000 1010
50.000000 1011
50.000000 1012
-10.855283 1013
50.000000 1014
-50.000000 1015
-1.877155 1016
50.000000 1017
-50.000000 1018
-35.309734 1019
-50.000000 1020
-50.000000 1021
-50.000000 1022
50.000000 1023
-46.861187 1024
-5.746971 1025
-50.000000 1026
-50.000000 1027
-50.000000 1028
-50.000000 1029
50.000000 1030
-50.000000 1031
50.000000 1032
50.000000 1033
-50.000000 1034
-50.000000 1035
-50.000000 1036
-50.000000 1037
3.105529 1038
-50.000000 1039
3.105529 1040
-50.000000 1041
50.000000 1042
0.211059 1043
-50.000000 1044
50.000000 1045
-50.000000 1046
-50.000000 1047
50.000000 1048
50.000000 1049
-50.000000 1050
50.000000 1051
0.499169 1052
-50.000000 1053
50.000000 1054
-5.319901 1055
-50.000000 1056
50.000000 1057
-50.000000 1058
-50.000000 1059
23.731375 1060
50.000000 1061
-5.339117 1062
-50.000000 1063
-50.000000 1064
0.211059 1065
-50.000000 1066
50.000000 1067
50.000000 1068
-50.000000 1069
50.000000 1070
50.000000 1071
-50.000000 1072
-50.000000 1073
50.000000 1074
-1.877250 1075
50.000000 1076
-50.000000 1077
50.000000 1078
-50.000000 1079
-50.000000 1080
-50.000000 1081
-50.000000 1082
3.105529 1083
-50.000000 1084
-50.000000 1085
-50.000000 1086
-50.000000 1087
-50.000000 1088
50.000000 1089
-50.000000 1090
6.151187 1091
1.756287 1092
-50.000000 1093
50.000000 1094
50.000000 1095
-50.000000 1096
4.683597 1097
50.000000 1098
-50.000000 1099
50.000000 1100
-50.000000 1101
-50.000000 1102
-5.339117 1103
-50.000000 1104
50.000000 1105
50.000000 1106
-50.000000 1107
0.499169 1108
-50.000000 1109
50.000000 1110
-5.339117 1111
50.000000 1112
-50.000000 1113
50.000000 1114
-50.000000 1115
50.000000 1116
-5.975321 1117
-50.000000 1118
0.499169 1119
-50.000000 1120
-50.000000 1121
-50.000000 1122
50.000000 1123
-50.000000 1124
-1.931230 1125
-50.000000 1126
-50.000000 1127
-50.000000 1128
-50.000000 1129
50.000000 1130
50.000000 1131
50.000000 1132
50.000000 1133
-50.000000 1134
-5.339117 1135
-3.350235 1136
-50.000000 1137
50.000000 1138
-50.000000 1139
50.000000 1140
0.047550 1141
50.000000 1142
-50.000000 1143
-50.000000 1144
-50.000000 1145
-50.000000 1146
-5.339117 1147
-1.877155 1148
-50.000000 1149
50.000000 1150
-50.000000 1151
-50.000000 1152
-50.000000 1153
50.000000 1154
43.511879 1155
-50.000000 1156
-5.339117 1157
3.105529 1158
-5.032059 1159
0.378859 1160
-50.000000 1161
-50.000000 1162
-2.151094 1163
50.000000 1164
-14.116370 1165
0.211059 1166
50.000000 1167
-50.000000 1168
-50.000000 1169
-50.000000 1170
-50.000000 1171
50.000000 1172
-50.000000 1173
0.499169 1174
50.000000 1175
50.000000 1176
-50.000000 1177
-5.339117 1178
-50.000000 1179
0.295314 1180
-6.661381 1181
3.210723 1182
50.000000 1183
0.211059 1184
-50.000000 1185
-50.000000 1186
-50.000000 1187
50.000000 1188
-22.196672 1189
-50.000000 1190
-50.000000 1191
-50.000000 1192
2.495842 1193
-50.000000 1194
-50.000000 1195
0.144532 1196
50.000000 1197
-50.000000 1198
-50.000000 1199
-50.000000 1200
50.000000 1201
-50.000000 1202
-50.000000 1203
-5.339117 1204
50.000000 1205
50.000000 1206
50.000000 1207
-50.000000 1208
-50.000000 1209
-50.000000 1210
-50.000000 1211
-50.000000 1212
-50.000000 1213
-50.000000 1214
-50.000000 1215
50.000000 1216
-50.000000 1217
50.000000 1218
-50.000000 1219
-50.000000 1220
-50.000000 1221
50.000000 1222
-50.000000 1223
0.842252 1224
50.000000 1225
-50.000000 1226
-50.000000 1227
-50.000000 1228
-50.000000 1229
-50.000000 1230
12.868509 1231
-50.000000 1232
-50.000000 1233
-50.000000 1234
50.000000 1235
1.806122 1236
50.000000 1237
-50.000000 1238
50.000000 1239
-50.000000 1240
50.000000 1241
50.000000 1242
-50.000000 1243
-50.000000 1244
-50.000000 1245
-34.913837 1246
-50.000000 1247
50.000000 1248
-5.238695 1249
-1.877155 1250
50.000000 1251
-50.000000 1252
50.000000 1253
50.000000 1254
-50.000000 1255
50.000000 1256
-50.000000 1257
-6.974498 1258
50.000000 1259
50.000000 1260
-50.000000 1261
-50.000000 1262
50.000000 1263
-50.000000 1264
-50.000000 1265
50.000000 1266
50.000000 1267
50.000000 1268
-50.000000 1269
-50.000000 1270
-50.000000 1271
-1.877155 1272
-50.000000 1273
6.150972 1274
50.000000 1275
3.077657 1276
50.000000 1277
-50.000000 1278
-50.000000 1279
-50.000000 1280
-50.000000 1281
-50.000000 1282
50.000000 1283
-50.000000 1284
-50.000000 1285
-50.000000 1286
50.000000 1287
-50.000000 1288
50.000000 1289
-50.000000 1290
-50.000000 1291
50.000000 1292
-50.000000 1293
50.000000 1294
-50.000000 1295
-50.000000 1296
-50.000000 1297
-50.000000 1298
-50.000000 1299
0.499169 1300
50.000000 1301
0.498073 1302
50.000000 1303
50.000000 1304
-5.339117 1305
50.000000 1306
-50.000000 1307
-5.339117 1308
7.916697 1309
